time: 2025-04-04 18:27:50
N_F=2, N_M=1, N_modes=3, n_starts=5
error=5.254407e-03, time=5.79 s
----------------------------------
time: 2025-04-04 18:27:59
N_F=2, N_M=1, N_modes=3, n_starts=1
error=1.381864e-01, time=1.41 s
----------------------------------
time: 2025-04-0
